{
 "cells": [
  {
   "cell_type": "code",
   "execution_count": 39,
   "id": "ad16771e",
   "metadata": {},
   "outputs": [],
   "source": [
    "import pandas as pd\n",
    "import matplotlib.pyplot as plt"
   ]
  },
  {
   "cell_type": "code",
   "execution_count": 26,
   "id": "5cdcce4d",
   "metadata": {},
   "outputs": [],
   "source": [
    "pd.set_option('display.max_rows',200)\n",
    "pd.set_option('display.max_columns',100)\n",
    "pd.set_option('display.width',800)"
   ]
  },
  {
   "cell_type": "code",
   "execution_count": 27,
   "id": "f5bc7a73",
   "metadata": {},
   "outputs": [],
   "source": [
    "names = ['X','Y','month','day','ffmc','dmc','dc','isi','temp','rh','wind','rain','area']\n",
    "forest_data = pd.read_csv(\"../data/forestfires.csv\",names=names)"
   ]
  },
  {
   "cell_type": "code",
   "execution_count": 28,
   "id": "eaf769df",
   "metadata": {},
   "outputs": [
    {
     "data": {
      "text/html": [
       "<div>\n",
       "<style scoped>\n",
       "    .dataframe tbody tr th:only-of-type {\n",
       "        vertical-align: middle;\n",
       "    }\n",
       "\n",
       "    .dataframe tbody tr th {\n",
       "        vertical-align: top;\n",
       "    }\n",
       "\n",
       "    .dataframe thead th {\n",
       "        text-align: right;\n",
       "    }\n",
       "</style>\n",
       "<table border=\"1\" class=\"dataframe\">\n",
       "  <thead>\n",
       "    <tr style=\"text-align: right;\">\n",
       "      <th></th>\n",
       "      <th>X</th>\n",
       "      <th>Y</th>\n",
       "      <th>month</th>\n",
       "      <th>day</th>\n",
       "      <th>ffmc</th>\n",
       "      <th>dmc</th>\n",
       "      <th>dc</th>\n",
       "      <th>isi</th>\n",
       "      <th>temp</th>\n",
       "      <th>rh</th>\n",
       "      <th>wind</th>\n",
       "      <th>rain</th>\n",
       "      <th>area</th>\n",
       "    </tr>\n",
       "  </thead>\n",
       "  <tbody>\n",
       "    <tr>\n",
       "      <th>0</th>\n",
       "      <td>7</td>\n",
       "      <td>5</td>\n",
       "      <td>mar</td>\n",
       "      <td>fri</td>\n",
       "      <td>86.2</td>\n",
       "      <td>26.2</td>\n",
       "      <td>94.3</td>\n",
       "      <td>5.1</td>\n",
       "      <td>8.2</td>\n",
       "      <td>51</td>\n",
       "      <td>6.7</td>\n",
       "      <td>0.0</td>\n",
       "      <td>0.0</td>\n",
       "    </tr>\n",
       "    <tr>\n",
       "      <th>1</th>\n",
       "      <td>7</td>\n",
       "      <td>4</td>\n",
       "      <td>oct</td>\n",
       "      <td>tue</td>\n",
       "      <td>90.6</td>\n",
       "      <td>35.4</td>\n",
       "      <td>669.1</td>\n",
       "      <td>6.7</td>\n",
       "      <td>18.0</td>\n",
       "      <td>33</td>\n",
       "      <td>0.9</td>\n",
       "      <td>0.0</td>\n",
       "      <td>0.0</td>\n",
       "    </tr>\n",
       "    <tr>\n",
       "      <th>2</th>\n",
       "      <td>7</td>\n",
       "      <td>4</td>\n",
       "      <td>oct</td>\n",
       "      <td>sat</td>\n",
       "      <td>90.6</td>\n",
       "      <td>43.7</td>\n",
       "      <td>686.9</td>\n",
       "      <td>6.7</td>\n",
       "      <td>14.6</td>\n",
       "      <td>33</td>\n",
       "      <td>1.3</td>\n",
       "      <td>0.0</td>\n",
       "      <td>0.0</td>\n",
       "    </tr>\n",
       "    <tr>\n",
       "      <th>3</th>\n",
       "      <td>8</td>\n",
       "      <td>6</td>\n",
       "      <td>mar</td>\n",
       "      <td>fri</td>\n",
       "      <td>91.7</td>\n",
       "      <td>33.3</td>\n",
       "      <td>77.5</td>\n",
       "      <td>9.0</td>\n",
       "      <td>8.3</td>\n",
       "      <td>97</td>\n",
       "      <td>4.0</td>\n",
       "      <td>0.2</td>\n",
       "      <td>0.0</td>\n",
       "    </tr>\n",
       "    <tr>\n",
       "      <th>4</th>\n",
       "      <td>8</td>\n",
       "      <td>6</td>\n",
       "      <td>mar</td>\n",
       "      <td>sun</td>\n",
       "      <td>89.3</td>\n",
       "      <td>51.3</td>\n",
       "      <td>102.2</td>\n",
       "      <td>9.6</td>\n",
       "      <td>11.4</td>\n",
       "      <td>99</td>\n",
       "      <td>1.8</td>\n",
       "      <td>0.0</td>\n",
       "      <td>0.0</td>\n",
       "    </tr>\n",
       "  </tbody>\n",
       "</table>\n",
       "</div>"
      ],
      "text/plain": [
       "   X  Y month  day  ffmc   dmc     dc  isi  temp  rh  wind  rain  area\n",
       "0  7  5   mar  fri  86.2  26.2   94.3  5.1   8.2  51   6.7   0.0   0.0\n",
       "1  7  4   oct  tue  90.6  35.4  669.1  6.7  18.0  33   0.9   0.0   0.0\n",
       "2  7  4   oct  sat  90.6  43.7  686.9  6.7  14.6  33   1.3   0.0   0.0\n",
       "3  8  6   mar  fri  91.7  33.3   77.5  9.0   8.3  97   4.0   0.2   0.0\n",
       "4  8  6   mar  sun  89.3  51.3  102.2  9.6  11.4  99   1.8   0.0   0.0"
      ]
     },
     "execution_count": 28,
     "metadata": {},
     "output_type": "execute_result"
    }
   ],
   "source": [
    "forest_data.head()"
   ]
  },
  {
   "cell_type": "code",
   "execution_count": 29,
   "id": "b6816856",
   "metadata": {},
   "outputs": [
    {
     "data": {
      "text/plain": [
       "(517, 13)"
      ]
     },
     "execution_count": 29,
     "metadata": {},
     "output_type": "execute_result"
    }
   ],
   "source": [
    "forest_data.shape"
   ]
  },
  {
   "cell_type": "code",
   "execution_count": 30,
   "id": "9ed32884",
   "metadata": {},
   "outputs": [
    {
     "data": {
      "text/plain": [
       "X          int64\n",
       "Y          int64\n",
       "month     object\n",
       "day       object\n",
       "ffmc     float64\n",
       "dmc      float64\n",
       "dc       float64\n",
       "isi      float64\n",
       "temp     float64\n",
       "rh         int64\n",
       "wind     float64\n",
       "rain     float64\n",
       "area     float64\n",
       "dtype: object"
      ]
     },
     "execution_count": 30,
     "metadata": {},
     "output_type": "execute_result"
    }
   ],
   "source": [
    "forest_data.dtypes"
   ]
  },
  {
   "cell_type": "markdown",
   "id": "fa402bfa",
   "metadata": {},
   "source": [
    "## Descriptive Statistics"
   ]
  },
  {
   "cell_type": "code",
   "execution_count": 31,
   "id": "f69e64d1",
   "metadata": {},
   "outputs": [
    {
     "data": {
      "text/html": [
       "<div>\n",
       "<style scoped>\n",
       "    .dataframe tbody tr th:only-of-type {\n",
       "        vertical-align: middle;\n",
       "    }\n",
       "\n",
       "    .dataframe tbody tr th {\n",
       "        vertical-align: top;\n",
       "    }\n",
       "\n",
       "    .dataframe thead th {\n",
       "        text-align: right;\n",
       "    }\n",
       "</style>\n",
       "<table border=\"1\" class=\"dataframe\">\n",
       "  <thead>\n",
       "    <tr style=\"text-align: right;\">\n",
       "      <th></th>\n",
       "      <th>X</th>\n",
       "      <th>Y</th>\n",
       "      <th>ffmc</th>\n",
       "      <th>dmc</th>\n",
       "      <th>dc</th>\n",
       "      <th>isi</th>\n",
       "      <th>temp</th>\n",
       "      <th>rh</th>\n",
       "      <th>wind</th>\n",
       "      <th>rain</th>\n",
       "      <th>area</th>\n",
       "    </tr>\n",
       "  </thead>\n",
       "  <tbody>\n",
       "    <tr>\n",
       "      <th>count</th>\n",
       "      <td>517.000000</td>\n",
       "      <td>517.000000</td>\n",
       "      <td>517.000000</td>\n",
       "      <td>517.000000</td>\n",
       "      <td>517.000000</td>\n",
       "      <td>517.000000</td>\n",
       "      <td>517.000000</td>\n",
       "      <td>517.000000</td>\n",
       "      <td>517.000000</td>\n",
       "      <td>517.000000</td>\n",
       "      <td>517.000000</td>\n",
       "    </tr>\n",
       "    <tr>\n",
       "      <th>mean</th>\n",
       "      <td>4.669246</td>\n",
       "      <td>4.299807</td>\n",
       "      <td>90.644681</td>\n",
       "      <td>110.872340</td>\n",
       "      <td>547.940039</td>\n",
       "      <td>9.021663</td>\n",
       "      <td>18.889168</td>\n",
       "      <td>44.288201</td>\n",
       "      <td>4.017602</td>\n",
       "      <td>0.021663</td>\n",
       "      <td>12.847292</td>\n",
       "    </tr>\n",
       "    <tr>\n",
       "      <th>std</th>\n",
       "      <td>2.313778</td>\n",
       "      <td>1.229900</td>\n",
       "      <td>5.520111</td>\n",
       "      <td>64.046482</td>\n",
       "      <td>248.066192</td>\n",
       "      <td>4.559477</td>\n",
       "      <td>5.806625</td>\n",
       "      <td>16.317469</td>\n",
       "      <td>1.791653</td>\n",
       "      <td>0.295959</td>\n",
       "      <td>63.655818</td>\n",
       "    </tr>\n",
       "    <tr>\n",
       "      <th>min</th>\n",
       "      <td>1.000000</td>\n",
       "      <td>2.000000</td>\n",
       "      <td>18.700000</td>\n",
       "      <td>1.100000</td>\n",
       "      <td>7.900000</td>\n",
       "      <td>0.000000</td>\n",
       "      <td>2.200000</td>\n",
       "      <td>15.000000</td>\n",
       "      <td>0.400000</td>\n",
       "      <td>0.000000</td>\n",
       "      <td>0.000000</td>\n",
       "    </tr>\n",
       "    <tr>\n",
       "      <th>25%</th>\n",
       "      <td>3.000000</td>\n",
       "      <td>4.000000</td>\n",
       "      <td>90.200000</td>\n",
       "      <td>68.600000</td>\n",
       "      <td>437.700000</td>\n",
       "      <td>6.500000</td>\n",
       "      <td>15.500000</td>\n",
       "      <td>33.000000</td>\n",
       "      <td>2.700000</td>\n",
       "      <td>0.000000</td>\n",
       "      <td>0.000000</td>\n",
       "    </tr>\n",
       "    <tr>\n",
       "      <th>50%</th>\n",
       "      <td>4.000000</td>\n",
       "      <td>4.000000</td>\n",
       "      <td>91.600000</td>\n",
       "      <td>108.300000</td>\n",
       "      <td>664.200000</td>\n",
       "      <td>8.400000</td>\n",
       "      <td>19.300000</td>\n",
       "      <td>42.000000</td>\n",
       "      <td>4.000000</td>\n",
       "      <td>0.000000</td>\n",
       "      <td>0.520000</td>\n",
       "    </tr>\n",
       "    <tr>\n",
       "      <th>75%</th>\n",
       "      <td>7.000000</td>\n",
       "      <td>5.000000</td>\n",
       "      <td>92.900000</td>\n",
       "      <td>142.400000</td>\n",
       "      <td>713.900000</td>\n",
       "      <td>10.800000</td>\n",
       "      <td>22.800000</td>\n",
       "      <td>53.000000</td>\n",
       "      <td>4.900000</td>\n",
       "      <td>0.000000</td>\n",
       "      <td>6.570000</td>\n",
       "    </tr>\n",
       "    <tr>\n",
       "      <th>max</th>\n",
       "      <td>9.000000</td>\n",
       "      <td>9.000000</td>\n",
       "      <td>96.200000</td>\n",
       "      <td>291.300000</td>\n",
       "      <td>860.600000</td>\n",
       "      <td>56.100000</td>\n",
       "      <td>33.300000</td>\n",
       "      <td>100.000000</td>\n",
       "      <td>9.400000</td>\n",
       "      <td>6.400000</td>\n",
       "      <td>1090.840000</td>\n",
       "    </tr>\n",
       "  </tbody>\n",
       "</table>\n",
       "</div>"
      ],
      "text/plain": [
       "                X           Y        ffmc         dmc          dc         isi        temp          rh        wind        rain         area\n",
       "count  517.000000  517.000000  517.000000  517.000000  517.000000  517.000000  517.000000  517.000000  517.000000  517.000000   517.000000\n",
       "mean     4.669246    4.299807   90.644681  110.872340  547.940039    9.021663   18.889168   44.288201    4.017602    0.021663    12.847292\n",
       "std      2.313778    1.229900    5.520111   64.046482  248.066192    4.559477    5.806625   16.317469    1.791653    0.295959    63.655818\n",
       "min      1.000000    2.000000   18.700000    1.100000    7.900000    0.000000    2.200000   15.000000    0.400000    0.000000     0.000000\n",
       "25%      3.000000    4.000000   90.200000   68.600000  437.700000    6.500000   15.500000   33.000000    2.700000    0.000000     0.000000\n",
       "50%      4.000000    4.000000   91.600000  108.300000  664.200000    8.400000   19.300000   42.000000    4.000000    0.000000     0.520000\n",
       "75%      7.000000    5.000000   92.900000  142.400000  713.900000   10.800000   22.800000   53.000000    4.900000    0.000000     6.570000\n",
       "max      9.000000    9.000000   96.200000  291.300000  860.600000   56.100000   33.300000  100.000000    9.400000    6.400000  1090.840000"
      ]
     },
     "execution_count": 31,
     "metadata": {},
     "output_type": "execute_result"
    }
   ],
   "source": [
    "forest_data.describe()"
   ]
  },
  {
   "cell_type": "code",
   "execution_count": 32,
   "id": "0f41b6c6",
   "metadata": {},
   "outputs": [
    {
     "data": {
      "text/html": [
       "<div>\n",
       "<style scoped>\n",
       "    .dataframe tbody tr th:only-of-type {\n",
       "        vertical-align: middle;\n",
       "    }\n",
       "\n",
       "    .dataframe tbody tr th {\n",
       "        vertical-align: top;\n",
       "    }\n",
       "\n",
       "    .dataframe thead th {\n",
       "        text-align: right;\n",
       "    }\n",
       "</style>\n",
       "<table border=\"1\" class=\"dataframe\">\n",
       "  <thead>\n",
       "    <tr style=\"text-align: right;\">\n",
       "      <th></th>\n",
       "      <th>X</th>\n",
       "      <th>Y</th>\n",
       "      <th>ffmc</th>\n",
       "      <th>dmc</th>\n",
       "      <th>dc</th>\n",
       "      <th>isi</th>\n",
       "      <th>temp</th>\n",
       "      <th>rh</th>\n",
       "      <th>wind</th>\n",
       "      <th>rain</th>\n",
       "      <th>area</th>\n",
       "    </tr>\n",
       "  </thead>\n",
       "  <tbody>\n",
       "    <tr>\n",
       "      <th>X</th>\n",
       "      <td>1.000000</td>\n",
       "      <td>0.539548</td>\n",
       "      <td>-0.021039</td>\n",
       "      <td>-0.048384</td>\n",
       "      <td>-0.085916</td>\n",
       "      <td>0.006210</td>\n",
       "      <td>-0.051258</td>\n",
       "      <td>0.085223</td>\n",
       "      <td>0.018798</td>\n",
       "      <td>0.065387</td>\n",
       "      <td>0.063385</td>\n",
       "    </tr>\n",
       "    <tr>\n",
       "      <th>Y</th>\n",
       "      <td>0.539548</td>\n",
       "      <td>1.000000</td>\n",
       "      <td>-0.046308</td>\n",
       "      <td>0.007782</td>\n",
       "      <td>-0.101178</td>\n",
       "      <td>-0.024488</td>\n",
       "      <td>-0.024103</td>\n",
       "      <td>0.062221</td>\n",
       "      <td>-0.020341</td>\n",
       "      <td>0.033234</td>\n",
       "      <td>0.044873</td>\n",
       "    </tr>\n",
       "    <tr>\n",
       "      <th>ffmc</th>\n",
       "      <td>-0.021039</td>\n",
       "      <td>-0.046308</td>\n",
       "      <td>1.000000</td>\n",
       "      <td>0.382619</td>\n",
       "      <td>0.330512</td>\n",
       "      <td>0.531805</td>\n",
       "      <td>0.431532</td>\n",
       "      <td>-0.300995</td>\n",
       "      <td>-0.028485</td>\n",
       "      <td>0.056702</td>\n",
       "      <td>0.040122</td>\n",
       "    </tr>\n",
       "    <tr>\n",
       "      <th>dmc</th>\n",
       "      <td>-0.048384</td>\n",
       "      <td>0.007782</td>\n",
       "      <td>0.382619</td>\n",
       "      <td>1.000000</td>\n",
       "      <td>0.682192</td>\n",
       "      <td>0.305128</td>\n",
       "      <td>0.469594</td>\n",
       "      <td>0.073795</td>\n",
       "      <td>-0.105342</td>\n",
       "      <td>0.074790</td>\n",
       "      <td>0.072994</td>\n",
       "    </tr>\n",
       "    <tr>\n",
       "      <th>dc</th>\n",
       "      <td>-0.085916</td>\n",
       "      <td>-0.101178</td>\n",
       "      <td>0.330512</td>\n",
       "      <td>0.682192</td>\n",
       "      <td>1.000000</td>\n",
       "      <td>0.229154</td>\n",
       "      <td>0.496208</td>\n",
       "      <td>-0.039192</td>\n",
       "      <td>-0.203466</td>\n",
       "      <td>0.035861</td>\n",
       "      <td>0.049383</td>\n",
       "    </tr>\n",
       "    <tr>\n",
       "      <th>isi</th>\n",
       "      <td>0.006210</td>\n",
       "      <td>-0.024488</td>\n",
       "      <td>0.531805</td>\n",
       "      <td>0.305128</td>\n",
       "      <td>0.229154</td>\n",
       "      <td>1.000000</td>\n",
       "      <td>0.394287</td>\n",
       "      <td>-0.132517</td>\n",
       "      <td>0.106826</td>\n",
       "      <td>0.067668</td>\n",
       "      <td>0.008258</td>\n",
       "    </tr>\n",
       "    <tr>\n",
       "      <th>temp</th>\n",
       "      <td>-0.051258</td>\n",
       "      <td>-0.024103</td>\n",
       "      <td>0.431532</td>\n",
       "      <td>0.469594</td>\n",
       "      <td>0.496208</td>\n",
       "      <td>0.394287</td>\n",
       "      <td>1.000000</td>\n",
       "      <td>-0.527390</td>\n",
       "      <td>-0.227116</td>\n",
       "      <td>0.069491</td>\n",
       "      <td>0.097844</td>\n",
       "    </tr>\n",
       "    <tr>\n",
       "      <th>rh</th>\n",
       "      <td>0.085223</td>\n",
       "      <td>0.062221</td>\n",
       "      <td>-0.300995</td>\n",
       "      <td>0.073795</td>\n",
       "      <td>-0.039192</td>\n",
       "      <td>-0.132517</td>\n",
       "      <td>-0.527390</td>\n",
       "      <td>1.000000</td>\n",
       "      <td>0.069410</td>\n",
       "      <td>0.099751</td>\n",
       "      <td>-0.075519</td>\n",
       "    </tr>\n",
       "    <tr>\n",
       "      <th>wind</th>\n",
       "      <td>0.018798</td>\n",
       "      <td>-0.020341</td>\n",
       "      <td>-0.028485</td>\n",
       "      <td>-0.105342</td>\n",
       "      <td>-0.203466</td>\n",
       "      <td>0.106826</td>\n",
       "      <td>-0.227116</td>\n",
       "      <td>0.069410</td>\n",
       "      <td>1.000000</td>\n",
       "      <td>0.061119</td>\n",
       "      <td>0.012317</td>\n",
       "    </tr>\n",
       "    <tr>\n",
       "      <th>rain</th>\n",
       "      <td>0.065387</td>\n",
       "      <td>0.033234</td>\n",
       "      <td>0.056702</td>\n",
       "      <td>0.074790</td>\n",
       "      <td>0.035861</td>\n",
       "      <td>0.067668</td>\n",
       "      <td>0.069491</td>\n",
       "      <td>0.099751</td>\n",
       "      <td>0.061119</td>\n",
       "      <td>1.000000</td>\n",
       "      <td>-0.007366</td>\n",
       "    </tr>\n",
       "    <tr>\n",
       "      <th>area</th>\n",
       "      <td>0.063385</td>\n",
       "      <td>0.044873</td>\n",
       "      <td>0.040122</td>\n",
       "      <td>0.072994</td>\n",
       "      <td>0.049383</td>\n",
       "      <td>0.008258</td>\n",
       "      <td>0.097844</td>\n",
       "      <td>-0.075519</td>\n",
       "      <td>0.012317</td>\n",
       "      <td>-0.007366</td>\n",
       "      <td>1.000000</td>\n",
       "    </tr>\n",
       "  </tbody>\n",
       "</table>\n",
       "</div>"
      ],
      "text/plain": [
       "             X         Y      ffmc       dmc        dc       isi      temp        rh      wind      rain      area\n",
       "X     1.000000  0.539548 -0.021039 -0.048384 -0.085916  0.006210 -0.051258  0.085223  0.018798  0.065387  0.063385\n",
       "Y     0.539548  1.000000 -0.046308  0.007782 -0.101178 -0.024488 -0.024103  0.062221 -0.020341  0.033234  0.044873\n",
       "ffmc -0.021039 -0.046308  1.000000  0.382619  0.330512  0.531805  0.431532 -0.300995 -0.028485  0.056702  0.040122\n",
       "dmc  -0.048384  0.007782  0.382619  1.000000  0.682192  0.305128  0.469594  0.073795 -0.105342  0.074790  0.072994\n",
       "dc   -0.085916 -0.101178  0.330512  0.682192  1.000000  0.229154  0.496208 -0.039192 -0.203466  0.035861  0.049383\n",
       "isi   0.006210 -0.024488  0.531805  0.305128  0.229154  1.000000  0.394287 -0.132517  0.106826  0.067668  0.008258\n",
       "temp -0.051258 -0.024103  0.431532  0.469594  0.496208  0.394287  1.000000 -0.527390 -0.227116  0.069491  0.097844\n",
       "rh    0.085223  0.062221 -0.300995  0.073795 -0.039192 -0.132517 -0.527390  1.000000  0.069410  0.099751 -0.075519\n",
       "wind  0.018798 -0.020341 -0.028485 -0.105342 -0.203466  0.106826 -0.227116  0.069410  1.000000  0.061119  0.012317\n",
       "rain  0.065387  0.033234  0.056702  0.074790  0.035861  0.067668  0.069491  0.099751  0.061119  1.000000 -0.007366\n",
       "area  0.063385  0.044873  0.040122  0.072994  0.049383  0.008258  0.097844 -0.075519  0.012317 -0.007366  1.000000"
      ]
     },
     "execution_count": 32,
     "metadata": {},
     "output_type": "execute_result"
    }
   ],
   "source": [
    "forest_data.corr(numeric_only=True,method='pearson')"
   ]
  },
  {
   "cell_type": "markdown",
   "id": "1a1326c3",
   "metadata": {},
   "source": [
    "## Change string columns to numeric"
   ]
  },
  {
   "cell_type": "code",
   "execution_count": 33,
   "id": "8a4d80c3",
   "metadata": {},
   "outputs": [],
   "source": [
    "forest_data.month.replace(('jan','feb','mar','apr','may','jun','jul','aug','sep','oct','nov','dec'),\n",
    "                          (1,2,3,4,5,6,7,8,9,10,11,12),inplace=True)"
   ]
  },
  {
   "cell_type": "code",
   "execution_count": 34,
   "id": "719ffa86",
   "metadata": {},
   "outputs": [],
   "source": [
    "forest_data.day.replace(('mon','tue','wed','thu','fri','sat','sun'),(1,2,3,4,5,6,7),inplace=True)"
   ]
  },
  {
   "cell_type": "code",
   "execution_count": 38,
   "id": "1684a1a3",
   "metadata": {},
   "outputs": [
    {
     "name": "stdout",
     "output_type": "stream",
     "text": [
      "   X  Y  month  day  ffmc   dmc     dc  isi  temp  rh  wind  rain  area\n",
      "0  7  5      3    5  86.2  26.2   94.3  5.1   8.2  51   6.7   0.0   0.0\n",
      "1  7  4     10    2  90.6  35.4  669.1  6.7  18.0  33   0.9   0.0   0.0\n",
      "2  7  4     10    6  90.6  43.7  686.9  6.7  14.6  33   1.3   0.0   0.0\n",
      "3  8  6      3    5  91.7  33.3   77.5  9.0   8.3  97   4.0   0.2   0.0\n",
      "4  8  6      3    7  89.3  51.3  102.2  9.6  11.4  99   1.8   0.0   0.0\n"
     ]
    }
   ],
   "source": [
    "print(forest_data.head())"
   ]
  },
  {
   "cell_type": "markdown",
   "id": "60f0a61b",
   "metadata": {},
   "source": [
    "## Data Visualization"
   ]
  },
  {
   "cell_type": "markdown",
   "id": "77ee3d8b",
   "metadata": {},
   "source": [
    "### Histogram"
   ]
  },
  {
   "cell_type": "code",
   "execution_count": 53,
   "id": "865b701a",
   "metadata": {},
   "outputs": [
    {
     "data": {
